1 15014 14814 12914 
1 15014 14814 14394 
1 15014 14814 14815 
1 15014 14814 14842 
1 15014 14814 14849 
1 15014 14814 14924 
1 15014 14814 14930 
1 15014 14814 14941 
1 15014 14814 14942 
1 15014 14814 14953 
1 15014 14814 14954 
1 15014 14814 14967 
1 15014 14814 14973 
1 15014 14814 14977 
1 15014 14814 14978 
1 15014 14814 14979 
1 15014 14814 14984 
1 15014 14814 14986 
1 15014 14814 14994 
1 15014 14814 15018 
1 15014 14814 15022 
1 15014 14814 15026 
1 15014 14814 1712 
1 15014 14814 4845 
1 15014 15018 12914 
1 15014 15018 14842 
1 15014 15018 15026 
1 15014 15018 1600 
1 15014 15018 16171 
1 15014 15018 16931 
1 15014 15018 16946 
1 15014 15018 16962 
1 15014 15018 16979 
1 15014 15018 2061 
1 15014 15018 228 
1 15014 15018 24280 
1 15014 15018 2476 
1 15014 15018 32724 
1 15014 15018 3342 
1 15014 15018 3575 
1 15014 15018 44004 
1 15014 15018 44016 
1 15014 15018 44018 
1 15014 15018 44031 
1 15014 15018 44037 
1 15014 15018 44044 
1 15014 15018 44079 
1 15014 15018 44086 
1 15014 15018 44972 
1 15014 15018 4840 
1 15014 15018 4884 
1 15014 15018 49956 
1 15014 15018 49985 
1 15014 15018 49986 
1 15014 15018 49987 
1 15014 15018 49988 
1 15014 15018 50013 
1 15014 15018 50024 
1 15014 15018 5191 
1 15014 15018 61335 
1 15014 15018 63137 
1 15014 15018 63430 
1 15014 15018 63450 
1 15014 15018 63456 
1 15014 15018 71971 
1 15014 15018 75361 
1 15014 15018 75385 
1 15014 15018 7799 
1 15014 21774 1618 
1 15014 21774 1633 
1 15014 21774 17231 
1 15014 21774 1727 
1 15014 21774 1731 
1 15014 21774 1759 
1 15014 21774 1772 
1 15014 21774 21773 
1 15014 21774 21813 
1 15014 21774 2747 
1 15014 21774 2775 
1 15014 21774 3623 
1 15014 21774 43138 
1 15014 21774 43150 
1 15014 21774 43157 
1 15014 21774 4734 
1 15014 21774 63574 
1 15014 21813 11061 
1 15014 21813 1716 
1 15014 21813 17231 
1 15014 21813 1727 
1 15014 21813 20260 
1 15014 21813 21203 
1 15014 21813 21783 
1 15014 21813 21796 
1 15014 21813 21797 
1 15014 21813 21819 
1 15014 21813 21837 
1 15014 21813 21838 
1 15014 21813 21844 
1 15014 21813 21848 
1 15014 21813 21871 
1 15014 21813 21876 
1 15014 21813 21881 
1 15014 21813 21890 
1 15014 21813 2476 
1 15014 21813 25352 
1 15014 21813 31992 
1 15014 21813 35840 
1 15014 21813 36161 
1 15014 21813 36167 
1 15014 21813 36189 
1 15014 21813 36190 
1 15014 21813 36213 
1 15014 21813 36218 
1 15014 21813 36223 
1 15014 21813 36247 
1 15014 21813 36250 
1 15014 21813 36258 
1 15014 21813 3795 
1 15014 21813 3803 
1 15014 21813 3832 
1 15014 21813 43138 
1 15014 21813 43150 
1 15014 21813 43154 
1 15014 21813 43156 
1 15014 21813 43157 
1 15014 21813 43161 
1 15014 21813 43162 
1 15014 21813 48532 
1 15014 21813 48568 
1 15014 21813 48578 
1 15014 21813 5040 
1 15014 21813 5374 
1 15014 21813 62595 
1 15014 21813 62624 
1 15014 21813 62648 
1 15014 21813 62665 
1 15014 21813 62670 
1 15014 21813 62674 
1 15014 21813 8098 
1 15014 21813 8375 
1 15014 28441 1551 
1 15014 28441 17231 
1 15014 28441 19291 
1 15014 28441 21774 
1 15014 28441 2178 
1 15014 28441 21813 
1 15014 28441 23597 
1 15014 28441 28446 
1 15014 28441 32999 
1 15014 28441 36449 
1 15014 28441 3832 
1 15014 28441 43138 
1 15014 28441 43142 
1 15014 28441 43144 
1 15014 28441 43150 
1 15014 28441 43156 
1 15014 28441 43157 
1 15014 28441 43159 
1 15014 28441 43161 
1 15014 28441 43162 
1 15014 28441 46493 
1 15014 28441 47082 
1 15014 28441 50348 
1 15014 28441 60540 
1 15014 28441 60557 
1 15014 28441 62175 
1 15014 28441 63574 
1 15014 28441 65155 
1 15014 28441 65156 
1 15014 28441 65157 
1 15014 28441 65159 
1 15014 28441 65164 
1 15014 28441 65177 
1 15014 28441 65188 
1 15014 28441 65194 
1 15014 28441 7175 
1 15014 28441 7181 
1 15014 3803 1046 
1 15014 3803 12641 
1 15014 3803 14574 
1 15014 3803 15733 
1 15014 3803 21203 
1 15014 3803 21774 
1 15014 3803 21786 
1 15014 3803 21787 
1 15014 3803 21792 
1 15014 3803 21829 
1 15014 3803 21835 
1 15014 3803 21842 
1 15014 3803 21880 
1 15014 3803 21881 
1 15014 3803 21886 
1 15014 3803 25411 
1 15014 3803 28441 
1 15014 3803 3805 
1 15014 3803 3817 
1 15014 3803 3826 
1 15014 3803 3846 
1 15014 3803 3849 
1 15014 3803 43137 
1 15014 3803 43138 
1 15014 3803 43150 
1 15014 3803 43161 
1 15014 3803 43162 
1 15014 3803 48605 
1 15014 3803 62209 
1 15014 3803 6279 
1 15014 3803 63571 
1 15014 3803 63574 
1 15014 3803 8067 
1 15014 3803 8098 
1 15014 3803 8102 
1 15014 43137 21203 
1 15014 43137 21774 
1 15014 43137 2477 
1 15014 43137 28441 
1 15014 43137 3832 
1 15014 43137 43138 
1 15014 43137 43144 
1 15014 43137 43150 
1 15014 43137 43155 
1 15014 43137 43156 
1 15014 43137 43157 
1 15014 43137 43159 
1 15014 43137 43161 
1 15014 43137 43162 
1 15014 43137 60540 
1 15014 43137 60557 
1 15014 43137 8098 
1 15014 43137 9960 
1 15014 43138 1408 
1 15014 43138 1727 
1 15014 43138 43144 
1 15014 43138 43150 
1 15014 43138 43155 
1 15014 43138 43156 
1 15014 43138 43157 
1 15014 43138 43159 
1 15014 43138 43161 
1 15014 43138 43162 
1 15014 43138 43166 
1 15014 43138 8098 
1 15014 43142 1727 
1 15014 43142 3803 
1 15014 43144 21774 
1 15014 43144 3803 
1 15014 43144 3832 
1 15014 43144 43142 
1 15014 43144 43147 
1 15014 43144 43150 
1 15014 43144 43155 
1 15014 43144 43156 
1 15014 43144 43157 
1 15014 43144 43159 
1 15014 43144 43161 
1 15014 43144 43162 
1 15014 43144 43166 
1 15014 43147 21203 
1 15014 43147 21774 
1 15014 43147 23597 
1 15014 43147 3832 
1 15014 43147 43137 
1 15014 43147 43138 
1 15014 43147 43150 
1 15014 43147 43151 
1 15014 43147 43155 
1 15014 43147 43156 
1 15014 43147 43157 
1 15014 43147 43158 
1 15014 43147 43159 
1 15014 43147 43160 
1 15014 43147 43161 
1 15014 43147 43162 
1 15014 43147 43166 
1 15014 43147 7898 
1 15014 43147 8125 
1 15014 43150 1046 
1 15014 43150 15187 
1 15014 43150 21772 
1 15014 43150 21844 
1 15014 43150 2477 
1 15014 43150 2516 
1 15014 43150 43151 
1 15014 43150 43155 
1 15014 43150 43156 
1 15014 43150 43157 
1 15014 43150 43158 
1 15014 43150 43159 
1 15014 43150 43161 
1 15014 43150 43162 
1 15014 43150 43166 
1 15014 43150 43168 
1 15014 43150 47082 
1 15014 43150 60511 
1 15014 43150 60529 
1 15014 43150 60540 
1 15014 43150 60541 
1 15014 43150 60557 
1 15014 43150 63574 
1 15014 43150 63576 
1 15014 43150 63588 
1 15014 43150 7175 
1 15014 43150 8098 
1 15014 43150 8102 
1 15014 43155 21774 
1 15014 43155 21813 
1 15014 43155 28441 
1 15014 43155 3832 
1 15014 43155 43156 
1 15014 43155 43157 
1 15014 43155 43159 
1 15014 43155 43161 
1 15014 43155 43162 
1 15014 43155 43166 
1 15014 43155 8098 
1 15014 43155 8125 
1 15014 43156 21203 
1 15014 43156 21774 
1 15014 43156 3803 
1 15014 43156 43142 
1 15014 43156 43157 
1 15014 43156 43159 
1 15014 43156 43162 
1 15014 43157 21203 
1 15014 43157 3803 
1 15014 43157 3832 
1 15014 43157 43142 
1 15014 43157 43158 
1 15014 43157 43159 
1 15014 43157 43161 
1 15014 43157 43162 
1 15014 43157 43166 
1 15014 43157 8098 
1 15014 43158 21203 
1 15014 43158 21774 
1 15014 43158 21813 
1 15014 43158 28441 
1 15014 43158 3803 
1 15014 43158 3832 
1 15014 43158 43137 
1 15014 43158 43138 
1 15014 43158 43142 
1 15014 43158 43144 
1 15014 43158 43155 
1 15014 43158 43156 
1 15014 43158 43159 
1 15014 43158 43160 
1 15014 43158 43161 
1 15014 43158 43162 
1 15014 43158 43166 
1 15014 43158 43168 
1 15014 43158 8125 
1 15014 43159 21203 
1 15014 43159 21774 
1 15014 43159 21813 
1 15014 43159 43142 
1 15014 43159 43160 
1 15014 43159 43161 
1 15014 43161 12624 
1 15014 43161 1806 
1 15014 43161 21772 
1 15014 43161 21774 
1 15014 43161 21844 
1 15014 43161 36218 
1 15014 43161 43142 
1 15014 43161 43162 
1 15014 43161 53606 
1 15014 43161 63551 
1 15014 43161 63574 
1 15014 43161 63576 
1 15014 43161 63588 
1 15014 43161 7110 
1 15014 43162 43159 
1 15014 43162 43166 
1 15014 43162 43167 
1 15014 43162 43168 
1 15014 43166 21203 
1 15014 43166 21774 
1 15014 43166 21813 
1 15014 43166 28441 
1 15014 43166 3803 
1 15014 43166 3832 
1 15014 43166 43137 
1 15014 43166 43142 
1 15014 43166 43156 
1 15014 43166 43159 
1 15014 43166 6279 
1 15014 43166 8098 
1 15014 43166 8125 
1 15014 43168 21203 
1 15014 43168 21774 
1 15014 43168 21813 
1 15014 43168 23597 
1 15014 43168 28441 
1 15014 43168 3803 
1 15014 43168 3832 
1 15014 43168 43137 
1 15014 43168 43138 
1 15014 43168 43142 
1 15014 43168 43144 
1 15014 43168 43155 
1 15014 43168 43159 
1 15014 43168 43160 
1 15014 43168 43161 
1 15014 43168 43166 
1 15014 4845 10872 
1 15014 4845 10899 
1 15014 4845 10902 
1 15014 4845 10949 
1 15014 4845 11076 
1 15014 4845 12876 
1 15014 4845 12914 
1 15014 4845 13181 
1 15014 4845 13189 
1 15014 4845 13310 
1 15014 4845 13479 
1 15014 4845 13817 
1 15014 4845 13843 
1 15014 4845 13901 
1 15014 4845 13924 
1 15014 4845 14764 
1 15014 4845 14770 
1 15014 4845 14771 
1 15014 4845 14777 
1 15014 4845 14784 
1 15014 4845 14787 
1 15014 4845 14798 
1 15014 4845 14815 
1 15014 4845 14842 
1 15014 4845 14848 
1 15014 4845 14924 
1 15014 4845 14930 
1 15014 4845 14932 
1 15014 4845 14933 
1 15014 4845 14934 
1 15014 4845 14937 
1 15014 4845 14941 
1 15014 4845 14945 
1 15014 4845 14952 
1 15014 4845 14954 
1 15014 4845 14955 
1 15014 4845 14956 
1 15014 4845 14957 
1 15014 4845 14962 
1 15014 4845 14964 
1 15014 4845 14971 
1 15014 4845 14974 
1 15014 4845 14977 
1 15014 4845 14978 
1 15014 4845 14979 
1 15014 4845 14985 
1 15014 4845 14986 
1 15014 4845 14989 
1 15014 4845 14992 
1 15014 4845 14994 
1 15014 4845 14995 
1 15014 4845 15003 
1 15014 4845 15004 
1 15014 4845 15007 
1 15014 4845 15010 
1 15014 4845 15012 
1 15014 4845 15013 
1 15014 4845 15015 
1 15014 4845 15016 
1 15014 4845 15017 
1 15014 4845 15018 
1 15014 4845 15019 
1 15014 4845 15020 
1 15014 4845 15021 
1 15014 4845 15022 
1 15014 4845 15026 
1 15014 4845 1551 
1 15014 4845 1554 
1 15014 4845 16308 
1 15014 4845 1644 
1 15014 4845 16531 
1 15014 4845 16900 
1 15014 4845 16901 
1 15014 4845 16902 
1 15014 4845 16906 
1 15014 4845 16910 
1 15014 4845 16912 
1 15014 4845 16915 
1 15014 4845 16916 
1 15014 4845 16922 
1 15014 4845 16923 
1 15014 4845 16927 
1 15014 4845 16928 
1 15014 4845 16930 
1 15014 4845 16931 
1 15014 4845 16936 
1 15014 4845 16940 
1 15014 4845 16941 
1 15014 4845 16942 
1 15014 4845 16945 
1 15014 4845 16946 
1 15014 4845 16952 
1 15014 4845 16954 
1 15014 4845 16956 
1 15014 4845 16957 
1 15014 4845 16958 
1 15014 4845 16962 
1 15014 4845 16965 
1 15014 4845 16969 
1 15014 4845 16970 
1 15014 4845 16979 
1 15014 4845 16982 
1 15014 4845 16988 
1 15014 4845 16994 
1 15014 4845 16995 
1 15014 4845 16999 
1 15014 4845 17000 
1 15014 4845 17003 
1 15014 4845 17009 
1 15014 4845 17025 
1 15014 4845 17030 
1 15014 4845 17035 
1 15014 4845 17036 
1 15014 4845 1727 
1 15014 4845 18921 
1 15014 4845 2061 
1 15014 4845 22171 
1 15014 4845 2516 
1 15014 4845 277 
1 15014 4845 3271 
1 15014 4845 40269 
1 15014 4845 40341 
1 15014 4845 4142 
1 15014 4845 4153 
1 15014 4845 44003 
1 15014 4845 44004 
1 15014 4845 44009 
1 15014 4845 44011 
1 15014 4845 44018 
1 15014 4845 44027 
1 15014 4845 44028 
1 15014 4845 44037 
1 15014 4845 44044 
1 15014 4845 44053 
1 15014 4845 44074 
1 15014 4845 44079 
1 15014 4845 44964 
1 15014 4845 4803 
1 15014 4845 4823 
1 15014 4845 4875 
1 15014 4845 4884 
1 15014 4845 4908 
1 15014 4845 4915 
1 15014 4845 5055 
1 15014 4845 5191 
1 15014 4845 61934 
1 15014 4845 62019 
1 15014 4845 62044 
1 15014 4845 62076 
1 15014 4845 62091 
1 15014 4845 672 
1 15014 4845 6907 
1 15014 4845 7042 
1 15014 4845 7795 
1 15014 4845 9200 
1 15014 4845 9203 
1 15014 4845 9211 
1 15014 8098 15733 
1 15014 8098 1814 
1 15014 8098 21792 
1 15014 8098 21835 
1 15014 8098 21843 
1 15014 8098 21864 
1 15014 8098 21886 
1 15014 8098 3805 
1 15014 8098 43162 
1 15014 8098 63571 
1 15014 8098 69237 
1 15014 8098 69238 
1 15014 8098 8067 
1 284 251 255 
1 284 251 258 
1 284 251 260 
1 284 257 10872 
1 284 257 10899 
1 284 257 10902 
1 284 257 10924 
1 284 257 10949 
1 284 257 12866 
1 284 257 12876 
1 284 257 12883 
1 284 257 12914 
1 284 257 13189 
1 284 257 13251 
1 284 257 13479 
1 284 257 13497 
1 284 257 13817 
1 284 257 13901 
1 284 257 13924 
1 284 257 14389 
1 284 257 14394 
1 284 257 14930 
1 284 257 14978 
1 284 257 14995 
1 284 257 15628 
1 284 257 1600 
1 284 257 16178 
1 284 257 16308 
1 284 257 16355 
1 284 257 16385 
1 284 257 1644 
1 284 257 16531 
1 284 257 1665 
1 284 257 16899 
1 284 257 16900 
1 284 257 16901 
1 284 257 16902 
1 284 257 16903 
1 284 257 16904 
1 284 257 16905 
1 284 257 16906 
1 284 257 16907 
1 284 257 16908 
1 284 257 16909 
1 284 257 16910 
1 284 257 16911 
1 284 257 16912 
1 284 257 16913 
1 284 257 16914 
1 284 257 16915 
1 284 257 16916 
1 284 257 16917 
1 284 257 16918 
1 284 257 16919 
1 284 257 16920 
1 284 257 16921 
1 284 257 16922 
1 284 257 16923 
1 284 257 16924 
1 284 257 16925 
1 284 257 16926 
1 284 257 16927 
1 284 257 16928 
1 284 257 16929 
1 284 257 16930 
1 284 257 16931 
1 284 257 16932 
1 284 257 16933 
1 284 257 16934 
1 284 257 16935 
1 284 257 16936 
1 284 257 16937 
1 284 257 16938 
1 284 257 16939 
1 284 257 16940 
1 284 257 16941 
1 284 257 16942 
1 284 257 16943 
1 284 257 16944 
1 284 257 16945 
1 284 257 16946 
1 284 257 16947 
1 284 257 16948 
1 284 257 16949 
1 284 257 16950 
1 284 257 16951 
1 284 257 16952 
1 284 257 16953 
1 284 257 16954 
1 284 257 16955 
1 284 257 16956 
1 284 257 16957 
1 284 257 16958 
1 284 257 16959 
1 284 257 16960 
1 284 257 16961 
1 284 257 16962 
1 284 257 16963 
1 284 257 16964 
1 284 257 16965 
1 284 257 16966 
1 284 257 16967 
1 284 257 16968 
1 284 257 16969 
1 284 257 16970 
1 284 257 16971 
1 284 257 16972 
1 284 257 16973 
1 284 257 16974 
1 284 257 16975 
1 284 257 16976 
1 284 257 16977 
1 284 257 16978 
1 284 257 16979 
1 284 257 16980 
1 284 257 16981 
1 284 257 16982 
1 284 257 16983 
1 284 257 16984 
1 284 257 16985 
1 284 257 16986 
1 284 257 16987 
1 284 257 16988 
1 284 257 16989 
1 284 257 16990 
1 284 257 16991 
1 284 257 16992 
1 284 257 16993 
1 284 257 16994 
1 284 257 16995 
1 284 257 16996 
1 284 257 16997 
1 284 257 16998 
1 284 257 16999 
1 284 257 17000 
1 284 257 17001 
1 284 257 17002 
1 284 257 17003 
1 284 257 17004 
1 284 257 17005 
1 284 257 17006 
1 284 257 17007 
1 284 257 17008 
1 284 257 17009 
1 284 257 17010 
1 284 257 17011 
1 284 257 17012 
1 284 257 17013 
1 284 257 17014 
1 284 257 17015 
1 284 257 17016 
1 284 257 17017 
1 284 257 17018 
1 284 257 17019 
1 284 257 17020 
1 284 257 17021 
1 284 257 17022 
1 284 257 17023 
1 284 257 17024 
1 284 257 17025 
1 284 257 17026 
1 284 257 17027 
1 284 257 17028 
1 284 257 17029 
1 284 257 17030 
1 284 257 17031 
1 284 257 17032 
1 284 257 17033 
1 284 257 17034 
1 284 257 17035 
1 284 257 17036 
1 284 257 17037 
1 284 257 17038 
1 284 257 17039 
1 284 257 17040 
1 284 257 17041 
1 284 257 17042 
1 284 257 17043 
1 284 257 17044 
1 284 257 17045 
1 284 257 17046 
1 284 257 17047 
1 284 257 17048 
1 284 257 17049 
1 284 257 17050 
1 284 257 17051 
1 284 257 17052 
1 284 257 17053 
1 284 257 17054 
1 284 257 17055 
1 284 257 17056 
1 284 257 17057 
1 284 257 17058 
1 284 257 17059 
1 284 257 17060 
1 284 257 17061 
1 284 257 17062 
1 284 257 17063 
1 284 257 17064 
1 284 257 17065 
1 284 257 17066 
1 284 257 17067 
1 284 257 17068 
1 284 257 174 
1 284 257 2111 
1 284 257 2128 
1 284 257 2168 
1 284 257 2239 
1 284 257 2414 
1 284 257 291 
1 284 257 293 
1 284 257 300 
1 284 257 306 
1 284 257 3271 
1 284 257 4171 
1 284 257 4315 
1 284 257 4714 
1 284 257 4745 
1 284 257 4840 
1 284 257 4845 
1 284 257 503 
1 284 257 5190 
1 284 257 672 
1 284 257 6907 
1 284 257 7042 
1 284 257 7071 
1 284 257 731 
1 284 257 7752 
1 284 257 7794 
1 284 257 7795 
1 284 257 7799 
1 284 257 7959 
1 284 257 8577 
1 284 257 9200 
1 284 257 9203 
1 284 257 9230 
1 284 262 234 
1 284 262 257 
1 284 262 263 
1 284 262 276 
1 284 262 278 
1 284 262 286 
1 284 262 303 
1 284 263 14905 
1 284 263 15010 
1 284 263 16139 
1 284 263 16169 
1 284 263 16305 
1 284 263 17839 
1 284 263 1792 
1 284 263 2406 
1 284 263 2432 
1 284 263 257 
1 284 263 264 
1 284 263 277 
1 284 263 286 
1 284 263 300 
1 284 263 303 
1 284 263 3166 
1 284 263 33442 
1 284 263 33485 
1 284 263 36914 
1 284 263 36945 
1 284 263 36950 
1 284 263 3839 
1 284 263 44887 
1 284 263 44966 
1 284 263 5401 
1 284 263 6906 
1 284 263 72010 
1 284 263 72025 
1 284 263 72026 
1 284 263 73703 
1 284 263 9292 
1 284 277 1046 
1 284 277 10937 
1 284 277 11819 
1 284 277 11832 
1 284 277 11839 
1 284 277 12664 
1 284 277 13181 
1 284 277 13351 
1 284 277 14808 
1 284 277 14842 
1 284 277 14901 
1 284 277 14905 
1 284 277 15010 
1 284 277 15018 
1 284 277 1530 
1 284 277 1576 
1 284 277 1597 
1 284 277 16095 
1 284 277 16096 
1 284 277 16099 
1 284 277 16103 
1 284 277 16106 
1 284 277 16107 
1 284 277 16110 
1 284 277 16116 
1 284 277 16122 
1 284 277 16125 
1 284 277 16131 
1 284 277 16132 
1 284 277 16136 
1 284 277 16137 
1 284 277 16139 
1 284 277 16143 
1 284 277 16150 
1 284 277 16152 
1 284 277 16158 
1 284 277 16159 
1 284 277 16160 
1 284 277 16163 
1 284 277 16169 
1 284 277 16171 
1 284 277 16174 
1 284 277 16178 
1 284 277 16180 
1 284 277 16184 
1 284 277 16188 
1 284 277 16190 
1 284 277 16193 
1 284 277 16208 
1 284 277 16252 
1 284 277 16305 
1 284 277 16326 
1 284 277 1633 
1 284 277 1642 
1 284 277 16901 
1 284 277 16951 
1 284 277 16973 
1 284 277 16979 
1 284 277 16982 
1 284 277 1759 
1 284 277 20587 
1 284 277 2061 
1 284 277 21776 
1 284 277 2239 
1 284 277 2258 
1 284 277 2406 
1 284 277 2432 
1 284 277 2775 
1 284 277 2823 
1 284 277 287 
1 284 277 300 
1 284 277 306 
1 284 277 30854 
1 284 277 30869 
1 284 277 30873 
1 284 277 310 
1 284 277 314 
1 284 277 3166 
1 284 277 32682 
1 284 277 32832 
1 284 277 32849 
1 284 277 32855 
1 284 277 32856 
1 284 277 32862 
1 284 277 32864 
1 284 277 32867 
1 284 277 32875 
1 284 277 33442 
1 284 277 33450 
1 284 277 33460 
1 284 277 33479 
1 284 277 36145 
1 284 277 36914 
1 284 277 36929 
1 284 277 36945 
1 284 277 36950 
1 284 277 36952 
1 284 277 36995 
1 284 277 37003 
1 284 277 37039 
1 284 277 37043 
1 284 277 37824 
1 284 277 37923 
1 284 277 3839 
1 284 277 39214 
1 284 277 44087 
1 284 277 44824 
1 284 277 44851 
1 284 277 44887 
1 284 277 44917 
1 284 277 44922 
1 284 277 44928 
1 284 277 44934 
1 284 277 44959 
1 284 277 44964 
1 284 277 44981 
1 284 277 44995 
1 284 277 45183 
1 284 277 48224 
1 284 277 4884 
1 284 277 50013 
1 284 277 5182 
1 284 277 59385 
1 284 277 59404 
1 284 277 59800 
1 284 277 59830 
1 284 277 61950 
1 284 277 62086 
1 284 277 6246 
1 284 277 63137 
1 284 277 63174 
1 284 277 67337 
1 284 277 6906 
1 284 277 6984 
1 284 277 6990 
1 284 277 6992 
1 284 277 7012 
1 284 277 7021 
1 284 277 7031 
1 284 277 7042 
1 284 277 7070 
1 284 277 71964 
1 284 277 71965 
1 284 277 71966 
1 284 277 71967 
1 284 277 71968 
1 284 277 71969 
1 284 277 71970 
1 284 277 71971 
1 284 277 71972 
1 284 277 71973 
1 284 277 71974 
1 284 277 71975 
1 284 277 71976 
1 284 277 71977 
1 284 277 71978 
1 284 277 71979 
1 284 277 71980 
1 284 277 71981 
1 284 277 71982 
1 284 277 71983 
1 284 277 71984 
1 284 277 71985 
1 284 277 71986 
1 284 277 71987 
1 284 277 71988 
1 284 277 71989 
1 284 277 71990 
1 284 277 71991 
1 284 277 71992 
1 284 277 71993 
1 284 277 71994 
1 284 277 71995 
1 284 277 71996 
1 284 277 71997 
1 284 277 71998 
1 284 277 71999 
1 284 277 72000 
1 284 277 72001 
1 284 277 72002 
1 284 277 72003 
1 284 277 72004 
1 284 277 72005 
1 284 277 72006 
1 284 277 72007 
1 284 277 72008 
1 284 277 72009 
1 284 277 72010 
1 284 277 72011 
1 284 277 72012 
1 284 277 72013 
1 284 277 72014 
1 284 277 72015 
1 284 277 72016 
1 284 277 72017 
1 284 277 72018 
1 284 277 72019 
1 284 277 72020 
1 284 277 72021 
1 284 277 72022 
1 284 277 72023 
1 284 277 72024 
1 284 277 72025 
1 284 277 72026 
1 284 277 72027 
1 284 277 72028 
1 284 277 72029 
1 284 277 72030 
1 284 277 72031 
1 284 277 72032 
1 284 277 72033 
1 284 277 72034 
1 284 277 72035 
1 284 277 72036 
1 284 277 72037 
1 284 277 72038 
1 284 277 72039 
1 284 277 72040 
1 284 277 72041 
1 284 277 72042 
1 284 277 72043 
1 284 277 72044 
1 284 277 7756 
1 284 277 7764 
1 284 277 7789 
1 284 277 7879 
1 284 277 7898 
1 284 277 81038 
1 284 277 81039 
1 284 277 832 
1 284 277 9200 
1 284 277 9266 
1 284 277 9281 
1 284 278 282 
1 284 279 238 
1 284 279 285 
1 284 279 304 
1 284 285 227 
1 284 285 231 
1 284 285 257 
1 284 285 277 
1 284 285 302 
