5
11
12
19
25
30
35
45
46
56
59
73
75
79
81
86
87
93
113
114
121
125
128
132
137
141
146
147
149
153
158
159
164
167
176
177
186
188
190
193
195
206
221
223
232
241
243
268
270
288
325
336
338
339
341
342
343
347
349
358
360
384
385
389
433
434
440
446
448
451
453
456
457
463
464
470
475
477
479
483
490
493
495
508
509
510
514
521
526
536
537
539
545
561
568
573
579
581
583
586
593
595
597
602
609
615
629
630
660
668
690
692
703
715
735
748
756
759
768
770
774
787
794
805
812
813
814
823
824
836
846
847
848
857
858
868
869
875
878
881
882
887
900
904
907
914
919
961
980
983
993
1005
1010
1025
1027
1032
1033
1036
1041
1043
1074
1133
1141
1158
1163
1164
1169
1190
1195
1205
1220
1243
1254
1304
1306
1312
1315
1317
1319
1320
1322
1330
1332
1342
1344
1345
1347
1351
1354
1358
1359
1360
1361
1365
1368
1378
1381
1382
1394
1396
1401
1408
1412
1420
1424
1431
1435
1460
1464
1472
1479
1497
1504
1505
1508
1511
1518
1525
1526
1535
1537
1542
1545
1554
1566
1575
1579
1582
1583
1590
1602
1611
1621
1626
1647
1654
1688
1696
1701
1710
1714
1715
1723
1738
1749
1754
1757
1764
1769
1781
1785
1786
1788
1801
1829
1842
1847
1863
1867
1870
1871
1872
1873
1882
1893
1894
1898
1905
1908
1912
1913
1934
1936
1937
1951
1953
1959
1992
2011
2012
2013
2017
2020
2023
2024
2030
2041
2050
2053
2058
2059
2064
2072
2075
2089
2092
2094
2096
2100
2105
2107
2110
2112
2114
2118
2127
2129
2132
2133
2137
2144
2148
2170
2188
2192
2225
2230
2236
2239
2245
2247
2249
2252
2253
2260
2261
2266
2267
2275
2276
2277
2284
2309
2324
2325
2400
2402
2404
2405
2414
2422
2430
2454
2464
2465
2472
2477
2485
2493
2497
2518
2542
2582
2588
2593
2595
2599
2601
2604
2615
2621
2630
2632
2633
2635
2650
2652
2655
2659
2664
2665
2669
2673
2675
2677
2678
2684
2685
2686
2689
2700
2706
2711
2716
2718
2724
2726
2732
2736
2746
2772
2783
2788
2794
2799
2802
2817
2837
2839
2844
2921
2926
2934
2953
2962
2965
2979
2984
2991
2995
2998
3000
3001
3009
3029
3039
3050
3051
3052
3058
3061
3066
3081
3100
3109
3114
3120
3147
3164
3177
3229
3232
3235
3236
3238
3240
3243
3263
3264
3270
3271
3272
3282
3284
3286
3298
3307
3346
3378
3404
3421
3433
3435
3466
3472
3498
3500
3504
3515
3536
3537
3538
3551
3559
3561
3563
3569
3571
3576
3581
3588
3599
3601
3634
3642
3651
3655
3656
3658
3659
3664
3665
3670
3672
3678
3701
3708
3738
3755
3756
3760
3761
3795
3800
3814
3821
3834
3836
3837
3841
3842
3843
3846
3850
3863
3870
3873
3898
3899
3909
3910
3912
3913
3921
3922
3923
3928
3929
3935
3938
3940
3945
3946
3951
3982
3992
4007
4009
4020
4031
4035
4038
4039
4048
4057
4064
4067
4072
4089
4091
4106
4117
4124
4129
4137
4143
4146
4182
4194
4200
4235
4245
4251
4267
4269
4297
4300
4302
4304
4332
4333
4338
4339
4347
4356
4357
4363
4378
4389
4392
4397
4405
4412
4419
4432
4438
4446
4448
4455
4461
4462
4468
4473
4474
4485
4493
4503
4514
4516
4517
4524
4528
4529
4532
4536
4540
4549
4569
4574
4585
4601
4603
4608
4632
4636
4643
4644
4658
4659
4677
4709
4711
4714
4735
4752
4776
4796
4808
4809
4812
4815
4819
4820
4824
4829
4830
4837
4843
4846
4853
4856
4858
4880
4882
4897
4899
4915
4942
5016
5017
5024
5032
5034
5052
5058
5069
5091
5099
5113
5114
5121
5128
5133
5134
5149
5174
5188
5190
5192
5194
5205
5212
5257
5294
5297
5321
5322
5338
5354
5363
5370
5402
5405
5408
5431
5438
5443
5447
5449
5450
5461
5464
5470
5476
5485
5497
5514
5520
5524
5529
5538
5553
5567
5573
5588
5593
5602
5605
5609
5627
5629
5648
5664
5672
5673
5689
5690
5694
5697
5698
5708
5713
5714
5716
5718
5719
5731
5732
5736
5744
5754
5756
5762
5767
5768
5772
5773
5786
5793
5794
5795
5806
5859
5862
5870
5891
5958
5959
5962
5964
5965
5966
5970
5971
5982
5984
5991
5995
5997
6005
6012
6024
6028
6034
6043
6047
6053
6062
6063
6071
6072
6076
6092
6096
6097
6105
6107
6109
6118
6120
6121
6143
6168
6170
6172
6173
6184
6186
6190
6192
6202
6207
6210
6215
6216
6221
6229
6252
6259
6312
6317
6320
6324
6325
6335
6341
6342
6347
6366
6374
6375
6377
6378
6381
6400
6410
6414
6439
6451
6454
6470
6475
6477
6501
6556
6559
6574
6580
6584
6585
6586
6599
6602
6604
6612
6621
6623
6625
6644
6685
6689
6691
6695
6697
6722
6724
6730
6732
6740
6741
6754
6755
6758
6759
6770
6772
6776
6788
6801
6802
6804
6819
6837
6838
6848
6858
6861
6898
6899
6902
6905
6907
6911
6920
6963
6978
6979
6980
6987
6991
6992
7002
7004
7005
7011
7018
7025
7027
7028
7035
7037
7051
7053
7057
7065
7067
7070
7074
7076
7087
7105
7124
7134
7136
7145
7147
7159
7229
7235
7244
7255
7296
7314
7316
7318
7332
7335
7336
7337
7361
7362
7370
7372
7376
7381
7384
7406
7413
7423
7432
7437
7438
7439
7444
7463
7468
7480
7487
7494
7513
7521
7526
7545
7550
7560
7562
7564
7584
7593
7595
7597
7603
7604
7609
7611
7612
7613
7616
7627
7630
7637
7646
7647
7653
7656
7666
7671
7685
7693
7763
7764
7765
7772
7774
7790
7793
7795
7796
7818
7819
7830
7836
7838
7841
7844
7850
7853
7854
7859
7872
7876
7880
7883
7884
7894
7900
7901
7911
7913
7918
7919
7920
7932
7938
7957
7964
7970
7980
7982
7984
8003
8009
8025
8028
8029
8041
8045
8047
8063
8067
8068
8079
8108
8150
8162
8164
8166
8182
8184
8186
8187
8192
8237
8240
8244
8245
8246
8254
8266
8267
8272
8273
8278
8281
8309
8313
8350
8352
8388
8396
8402
8405
8407
8409
8428
8439
8449
8457
8467
8468
8475
8537
8545
8609
8616
8619
8620
8622
8633
8644
8647
8648
8649
8652
8660
8666
8668
8674
8677
8686
8691
8696
8708
8718
8743
8744
8749
8752
8765
8768
8769
8772
8774
8775
8779
8780
8783
8786
8807
8808
8812
8814
8820
8823
8829
8839
8844
8849
8861
8868
8877
8887
8937
8998
9005
9008
9010
9013
9015
9024
9027
9039
9053
9061
9113
9197
9199
9210
9216
9245
9253
9258
9260
9264
9265
9270
9277
9297
9312
9333
9357
9359
9362
9363
9371
9374
9375
9376
9389
9398
9411
9424
9431
9442
9446
9454
9503
9507
9508
9510
9515
9521
9525
9531
9532
9533
9546
9553
9554
9555
9573
9594
9667
9673
9675
9680
9689
9690
9694
9699
9702
9704
9711
9717
9726
9733
9741
9751
9772
9774
9779
9780
9783
9792
9809
9811
9818
9823
9891
9900
9904
9913
9923
9929
9930
9956
9973
9975
9985
9998
9999
10000
10016
10033
10052
10063
10064
10067
10072
10074
10078
10082
10098
10099
10101
10126
10141
10142
10146
10147
10163
10169
10173
10175
10176
10185
10196
10208
10209
10215
10221
10222
10223
10231
10234
10235
10242
10244
10246
10250
10252
10257
10258
10264
10267
10270
10271
10275
10277
10278
10284
10285
10293
10305
10312
10319
10329
10337
10344
10354
10358
10363
10364
10366
10371
10372
10373
10382
10384
10389
10398
10404
10409
10434
10472
10477
10479
10485
10488
10491
10499
10500
10505
10508
10512
10516
10517
10530
10554
10581
10600
10607
10617
10625
10647
10664
10672
10674
10688
10693
10696
10698
10708
10732
10746
10752
10753
10756
10761
10770
10781
10783
10785
10794
10795
10796
10801
10805
10814
10815
10877
10878
10880
10893
10897
10905
10908
10909
10912
10914
10918
10934
10940
10952
10953
10963
10967
10968
10974
10979
10982
10983
10992
10993
10995
10998
10999
11012
11015
11016
11027
11049
11052
11054
11061
11077
11088
11091
11096
11111
11113
11128
11131
11155
11156
11163
11169
11170
11171
11191
11195
11206
11214
11230
11236
11241
11242
11246
11249
11250
11269
11272
11273
11274
11288
11302
11305
11309
11313
11316
11322
11324
11325
11334
11375
11378
11388
11390
11421
11423
11435
11469
11474
11476
11495
11499
11501
11512
11516
11525
11531
11544
11565
11567
11575
11576
11577
11582
11584
11587
11588
11589
11624
11629
11634
11635
11640
11647
11649
11656
11660
11675
11677
11684
11686
11693
11694
11695
11699
11716
11734
11742
11756
11757
11767
11774
11790
11794
11795
11796
11798
11802
11809
11810
11819
11825
11828
11843
11857
11902
11903
11958
11963
11964
11968
11979
11983
11987
11994
11995
11999
12002
12003
12007
12009
12012
12016
12017
12023
12027
12033
12035
12041
12045
12054
12063
12070
12082
12098
12109
12130
12134
12140
12146
12147
12148
12153
12163
12166
12178
12188
12212
12221
12223
12227
12235
12279
12329
12331
12335
12336
12354
12355
12356
12367
12368
12371
12376
12384
12397
12468
12469
12480
12487
12498
12499
12502
12505
12506
12507
12519
12522
12528
12543
12545
12547
12557
12561
12563
12585
12593
12602
12610
12624
12632
12638
12647
12682
12704
12709
12769
12845
12848
12864
12865
12867
12884
12902
12926
12934
12966
13013
13017
13032
13037
13056
13062
13063
13064
13065
13067
13073
13076
13092
13097
13100
13109
13132
13181
13185
13187
13195
13201
13216
13220
13226
13229
13231
13232
13235
13239
13240
13256
13265
13270
13274
13277
13280
13291
13292
13319
13322
13332
13357
13393
13407
13412
13432
13433
13437
13476
13553
13574
13575
13579
13594
13602
13606
13612
13638
13639
13651
13653
13659
13660
13671
13674
13692
13694
13709
13712
13715
13717
13738
13743
13798
13807
13816
13825
13841
13844
13847
13849
13850
13853
13861
13868
13876
13883
13887
13896
13897
13910
13930
13934
13938
13950
14010
14025
14028
14069
14091
14121
14154
14183
14184
14187
14196
14197
14199
14212
14217
14223
14224
14231
14235
14267
14270
14294
14309
14339
14381
14397
14422
14441
14466
14476
14487
14496
14500
14509
14522
14525
14528
14529
14530
14534
14535
14551
14573
14575
14577
14581
14584
14594
14607
14612
14616
14624
14647
14648
14668
14677
14678
14686
14687
14690
14697
14736
14739
14742
14770
14772
14777
14791
14794
14803
14811
14817
14818
14824
14831
14834
14835
14837
14839
14844
14845
14849
14857
14859
14871
14886
14936
14941
14945
14947
14951
14952
14970
14979
14983
14984
14985
14988
14990
15000
15001
15003
15007
15015
15016
15020
15032
15033
15070
15076
15080
15082
15099
15108
15119
15129
15165
15167
15174
15176
15193
15199
15203
15208
15210
15249
15267
15273
15296
15305
15311
15324
15331
15341
15350
15353
15404
15413
15415
15420
15426
15432
15435
15438
15454
15476
15487
15496
15555
15597
15606
15627
15629
15630
15644
15651
15659
15662
15665
15669
15673
15675
15678
15680
15683
15687
15688
15698
15706
15715
15720
15722
15731
15735
15741
15744
15751
15759
15765
15767
15770
15781
15784
15785
15787
15819
15831
15844
15846
15857
15861
15894
15905
15907
15912
15915
15917
15923
15926
15927
15928
15934
15942
15944
15946
15951
15953
15954
15972
15992
16002
16013
16043
16049
16052
16055
16056
16072
16074
16104
16105
16110
16119
16122
16130
16138
16139
16146
16149
16154
16169
16172
16187
16199
16264
16265
16268
16270
16272
16275
16278
16281
16282
16291
16294
16306
16309
16320
16339
16346
16387
16404
16407
16414
16417
16447
16455
16459
16461
16474
16517
16545
16576
16586
16632
16637
16643
16666
16672
16673
16675
16688
16717
16734
16739
16743
16744
16745
16750
16751
16758
16761
16796
16807
16841
16901
16905
16907
16910
16913
16916
16921
16928
16936
16946
16949
16950
16956
16959
16967
16968
16969
16972
16986
16992
16996
17025
17030
17036
17042
17074
17079
17097
17105
17134
17151
17155
17156
17163
17181
17195
17204
17205
17206
17232
17248
17249
17250
17258
17259
17261
17262
17279
17282
17287
17289
17309
17318
17321
17323
17328
17346
17350
17353
17358
17360
17374
17383
17392
17393
17395
17397
17401
17413
17428
17499
17509
17512
17514
17522
17525
17539
17548
17568
17617
17677
17683
17685
17686
17691
17692
17693
17696
17700
17715
17717
17718
17719
17726
17735
17736
17739
17754
17755
17777
17780
17790
17792
17796
17822
17824
17828
17834
17853
17855
17862
17871
17875
17880
17882
17893
17903
17926
17944
17989
17995
17997
18014
18017
18031
18036
18100
18103
18130
18138
18168
18170
18445
18457
18460
18464
18470
18472
18479
18480
18481
18493
18494
18500
18514
18543
18590
18593
18603
18618
18627
18630
18637
18640
18675
18681
18689
18695
18698
18700
18709
18711
18716
18721
18728
18734
18738
18748
18757
18778
18779
18790
18800
18807
18837
18847
18850
18917
18919
18920
18922
18932
18935
18936
18937
18950
18965
18967
18970
18977
18995
18998
19012
19023
19032
19036
19039
19041
19043
19044
19053
19059
19063
19072
19074
19076
19082
19083
19085
19108
19123
19135
19140
19153
19156
19162
19163
19177
19192
19240
19243
19260
19262
19264
19269
19273
19285
19286
19293
19301
19338
19450
19451
19459
19461
19466
19468
19492
19501
19504
19508
19517
19529
19535
19546
19549
19563
19575
19581
19583
19599
19602
19607
19611
19614
19618
19625
19632
19635
19638
19646
19686
19703
19705
19708
19710
19713
19722
19728
19739
19754
19758
19764
19773
19775
19782
19788
19817
19841
19843
19845
19846
19858
19860
19883
19888
19947
19951
19953
19957
19961
19971
19979
20018
20028
20066
20067
20081
20088
20093
20094
20095
20099
20103
20109
20113
20115
20120
20124
20130
20131
20136
20170
20185
20194
20214
20220
20246
20248
20258
20277
20288
20307
20333
20363
20384
20390
20396
20405
20410
20414
20421
20428
20438
20439
20447
20456
20468
20475
20493
20496
20498
20504
20509
20545
20559
20564
20572
20593
20634
20644
20653
20684
20716
20721
20737
20741
20755
20757
20758
20764
20769
20783
20784
20791
20797
20798
20799
20827
20832
20834
20839
20840
20853
20857
20868
20898
20907
20909
20915
20917
20918
20924
20925
20927
20929
20931
20939
20942
20957
20958
20985
20987
20988
20995
21010
21011
21022
21034
21041
21044
21053
21062
21064
21082
21085
21087
21088
21091
21104
21105
21106
21108
21127
21167
21180
21182
21202
21204
21208
21209
21245
21259
21261
21266
21284
21288
21336
21339
21344
21351
21367
21368
21372
21381
21396
21399
21400
21402
21403
21431
21454
21461
21475
21477
21481
21485
21491
21493
21504
21511
21518
21522
21539
21542
21555
21566
21584
21587
21608
21642
21645
21648
21657
21664
21667
21669
21671
21680
21691
21698
21701
21704
21723
21724
21738
21758
21766
21771
21777
21786
21795
21811
21820
21821
21824
21826
21849
21865
21868
21883
21901
21911
21912
21915
21921
21922
21928
21934
21942
21953
21998
22003
22005
22012
22018
22022
22025
22027
22031
22046
22048
22052
22082
22085
22094
22098
22103
22107
22108
22110
22112
22122
22129
22132
22143
22174
22176
22179
22182
22186
22220
22226
22330
22335
22338
22339
22343
22351
22352
22362
22365
22367
22368
22369
22380
22387
22395
22400
22406
22417
22421
22427
22447
22455
22459
22463
22474
22482
22485
22493
22515
22516
22522
22524
22525
22535
22544
22561
22572
22576
22577
22583
22598
22620
22622
22628
22637
22642
22648
22650
22657
22658
22661
22663
22668
22673
22679
22680
22684
22686
22687
22702
22705
22710
22749
22764
22765
22766
22767
22768
22770
22774
22783
22793
22800
22804
22808
22810
22821
22822
22830
22836
22853
22859
22870
22884
22889
22901
22902
22908
22910
22911
22919
22925
22935
22966
22970
22971
22981
22991
22995
23001
23033
23039
23055
23063
23064
23086
23096
23111
23125
23129
23133
23169
23176
23177
23185
23188
23194
23200
23202
23217
23220
23232
23234
23243
23245
23258
23261
23271
23272
23283
23307
23321
23336
23340
23356
23372
23381
23394
23431
23461
23462
23470
23472
23477
23483
23485
23486
23493
23494
23495
23496
23499
23507
23510
23511
23517
23520
23530
23554
23560
23564
23573
23584
23591
23593
23594
23597
23602
23604
23608
23614
23623
23630
23633
23639
23643
23650
23653
23669
23679
23680
23718
23719
23730
23735
23738
23744
23746
23747
23749
23751
23763
23773
23777
23779
23791
23794
23799
23819
23822
23837
23838
23847
23903
23929
23938
23944
23967
23969
23979
23997
24009
24012
24024
24029
24031
24032
24036
24047
24051
24059
24074
24096
24101
24120
24121
24128
24137
24141
24167
24169
24171
24174
24193
24211
24213
24230
24237
24241
24243
24263
24272
24281
24287
24333
24342
24346
24348
24352
24358
24361
24370
24371
24394
24396
24398
24413
24419
24434
24444
24462
24463
24515
24525
24540
24551
24552
24554
24557
24559
24562
24564
24567
24569
24578
24588
24596
24609
24611
24613
24637
24643
24654
24662
24666
24670
24681
24693
24696
24697
24701
24706
24711
24712
24716
24717
24722
24729
24731
24737
24753
24763
24765
24772
24776
24784
24798
24822
24823
24832
24836
24842
24854
24871
24873
24881
24882
24923
24928
24936
24945
24949
24972
24975
24977
24987
25024
25038
25048
25058
25087
25103
25108
25132
25136
25143
25152
25156
25157
25165
25168
25171
25172
25185
25196
25199
25208
25223
25244
25252
25283
25316
25359
25438
25449
25472
25484
25487
25489
25499
25505
25507
25516
25527
25548
25558
25575
25578
25593
25603
25609
25616
25630
25678
25681
25688
25706
25713
25725
25739
25741
25748
25752
25767
25793
25796
25801
25802
25805
25808
25817
25824
25826
25834
25845
25847
25849
25857
25865
25871
25908
25911
25945
25961
25968
25980
25987
26024
26037
26044
26047
26065
26067
26068
26070
26071
26074
26081
26082
26096
26102
26104
26109
26111
26113
26121
26128
26129
26131
26141
26144
26156
26157
26160
26162
26166
26173
26174
26181
26225
26237
26286
26299
26319
26320
26344
26346
26350
26378
26386
26389
26395
26427
26431
26443
26451
26461
26465
26476
26479
26488
26491
26497
26500
26503
26505
26508
26543
26547
26551
26552
26568
26580
26587
26596
26603
26622
26623
26629
26640
26689
26690
26697
26703
26726
26764
26767
26770
26772
26781
26789
26806
26825
26833
26858
26899
26913
26918
26922
26926
26940
26948
26952
26985
27001
27006
27012
27013
27036
27054
27059
27069
27071
27086
27095
27097
27110
27115
27120
27121
27175
27185
27195
27197
27198
27199
27202
27209
27218
27223
27238
27240
27243
27253
27263
27272
27322
27324
27369
27380
27381
27426
27441
27456
27460
27468
27469
27477
27482
27560
27619
27668
27671
27678
27680
27707
27710
27780
27847
27852
27854
27858
27859
27860
27867
27879
27882
27887
27889
27900
27916
27934
27947
27970
27985
27996
28053
28058
28065
28117
28118
28119
28123
28124
28135
28158
28177
28181
28191
28197
28198
28200
28219
28236
28247
28261
28271
28296
28318
28325
28348
28393
28404
28408
28412
28413
28424
28425
28430
28434
28456
28458
28464
28465
28467
28477
28481
28491
28510
28534
28541
28549
28562
28567
28600
28612
28630
28669
28683
28684
28685
28697
28705
28716
28724
28726
28735
28739
28741
28749
28754
28755
28757
28763
28769
28773
28780
28782
28784
28785
28793
28794
28796
28807
28812
28828
28831
28846
28851
28853
28854
28872
28875
28879
28898
28904
28908
28932
28960
28961
28962
28967
28983
28985
28987
28990
28997
29003
29021
29029
29038
29039
29041
29045
29062
29065
29073
29086
29089
29095
29103
29115
29128
29157
29161
29163
29175
29185
29215
29217
29228
29232
29234
29235
29248
29252
29256
29264
29265
29268
29278
29292
29293
29320
29326
29337
29350
29372
29373
29375
29388
29389
29396
29399
29401
29403
29411
29424
29431
29438
29444
29446
29448
29451
29456
29457
29466
29467
29476
29498
29504
29516
29535
29542
29545
29553
29580
29591
29592
29594
29599
29602
29618
29622
29625
29644
29655
29698
29717
29801
29802
29827
29841
29854
29856
29857
29861
29862
29864
29869
29873
29874
29882
29883
29885
29888
29892
29893
29897
29899
29912
29915
29917
29940
29950
29990
29995
30016
30095
30108
30114
30117
30120
30122
30127
30128
30133
30136
30137
30161
30185
30216
30224
30231
30249
30254
30266
30284
30286
30309
30315
30320
30333
30348
30472
30478
30487
30494
30496
30507
30510
30543
30546
30552
30583
30604
30644
30652
30668
30672
30677
30680
30681
30684
30685
30686
30687
30693
30700
30715
30716
30742
30744
30750
30754
30760
30769
30783
30804
30812
30828
30867
30879
30885
30994
31003
31005
31006
31009
31010
31023
31025
31035
31077
31084
31088
31090
31115
31129
31133
31137
31143
31163
31165
31171
31173
31179
31183
31185
31193
31203
31207
31226
31227
31232
31233
31248
31252
31253
31256
31258
31274
31281
31305
31337
31339
31340
31344
31408
31418
31429
31437
31445
31470
31520
31541
31583
31588
31605
31634
31700
31701
31702
31703
31707
31720
31722
31732
31746
31747
31778
31799
31801
31807
31808
31827
31829
31838
31842
31848
31852
31859
31864
31865
31866
31875
31878
31880
31894
31897
31898
31905
31920
31940
31942
31945
31962
31985
31991
31995
32021
32025
32030
32039
32040
32072
32074
32098
32101
32103
32109
32117
32128
32129
32131
32141
32159
32161
32162
32164
32170
32180
32181
32196
32207
32215
32223
32266
32289
32294
32297
32322
32323
32325
32363
32377
32378
32413
32427
32428
32429
32436
32442
32466
32487
32493
32495
32502
32505
32512
32516
32518
32520
32524
32529
32536
32553
32555
32564
32567
32569
32573
32586
32594
32596
32597
32602
32616
32623
32624
32625
32626
32635
32638
32639
32647
32649
32672
32700
32702
32703
32742
32771
32780
32786
32796
32799
32806
32847
32856
32859
32863
32867
32927
32935
32937
32942
32946
32953
32957
32958
32961
32964
32965
32972
32979
32989
32990
32997
33005
33019
33026
33041
33048
33053
33055
33060
33069
33072
33075
33092
33106
33124
33130
33160
33186
33226
33246
33260
33283
33287
33298
33299
33308
33309
33311
33313
33326
33327
33342
33350
33375
33377
33389
33396
33439
33443
33471
33526
33528
33539
33540
33541
33556
33559
33567
33568
33570
33600
33611
33625
33626
33628
33634
33636
33640
33641
33650
33652
33670
33671
33675
33676
33719
33720
33728
33731
33745
33760
33769
33793
33823
33827
33871
33873
33879
33889
33908
33924
33950
33952
33953
33976
33980
33986
33992
33993
33994
34015
34025
34037
34039
34048
34077
34081
34083
34086
34087
34088
34092
34101
34103
34110
34121
34129
34143
34144
34174
34176
34184
34186
34204
34227
34230
34232
34244
34250
34252
34264
34269
34271
34309
34317
34388
34391
34431
34432
34433
34439
34479
34578
34588
34592
34614
34630
34632
34643
34650
34656
34664
34712
34715
34719
34723
34725
34729
34741
34742
34743
34744
34746
34751
34752
34759
34766
34784
34787
34818
34826
34828
34829
34853
34856
34974
34976
34978
35000
35005
35007
35012
35013
35023
35025
35029
35032
35045
35052
35091
35102
35107
35132
35147
35158
35163
35168
35195
35216
35236
35238
35260
35319
35320
35323
35329
35337
35339
35342
35354
35364
35365
35382
35386
35395
35398
35415
35418
35428
35429
35431
35436
35442
35456
35460
35463
35466
35495
35498
35501
35502
35515
35520
35523
35541
35544
35556
35560
35561
35562
35571
35581
35587
35589
35592
35593
35596
35597
35602
35608
35614
35616
35620
35622
35625
35640
35647
35674
35676
35679
35725
35743
35757
35792
35872
35873
35875
35889
35893
35895
35896
35897
35904
35906
35918
35919
35927
35935
35940
35947
35951
35955
35968
35985
36014
36025
36029
36031
36032
36042
36043
36048
36055
36058
36061
36068
36076
36084
36091
36092
36105
36109
36113
36117
36134
36154
36155
36165
36172
36180
36190
36200
36202
36205
36212
36214
36215
36216
36221
36234
36239
36248
36254
36257
36258
36268
36296
36298
36313
36329
36355
36359
36361
36375
36404
36447
36453
36455
36478
36492
36495
36499
36500
36503
36509
36510
36528
36532
36566
36607
36634
36638
36647
36651
36658
36659
36662
36671
36672
36673
36678
36692
36701
36702
36707
36711
36714
36716
36732
36735
36747
36753
36766
36767
36768
36771
36806
36809
36819
36821
36823
36831
36844
36855
36857
36878
36882
36890
36893
36916
36919
36929
36951
36957
36958
36961
36965
36966
36967
36977
36982
36988
37007
37011
37025
37043
37046
37049
37061
37066
37084
37090
37092
37101
37116
37131
37133
37140
37142
37147
37186
37204
37219
37221
37236
37248
37250
37255
37264
37270
37277
37288
37291
37297
37304
37315
37328
37374
37380
37389
37399
37407
37409
37410
37416
37427
37450
37452
37455
37469
37470
37491
37566
37568
37578
37591
37603
37614
37626
37628
37640
37661
37668
37671
37672
37678
37679
37680
37686
37696
37701
37706
37718
37730
37735
37737
37768
37773
37776
37777
37781
37782
37787
37793
37795
37814
37821
37828
37837
37841
37844
37849
37850
37853
37855
37863
37871
37876
37884
37886
37892
37897
37939
37940
37959
37961
37967
38002
38004
38094
38097
38098
38100
38101
38104
38108
38111
38118
38119
38122
38124
38131
38133
38138
38147
38151
38154
38162
38165
38171
38172
38173
38174
38176
38181
38185
38186
38190
38193
38194
38196
38202
38205
38221
38223
38233
38244
38263
38267
38276
38277
38342
38343
38354
38379
38395
38400
38407
38423
38431
38467
38470
38475
38478
38498
38550
38551
38571
38573
38580
38583
38591
38601
38638
38644
38645
38671
38678
38681
38697
38746
38748
38765
38771
38773
38778
38808
38816
38828
38836
38848
38853
38868
38881
38885
38887
38890
38893
38894
38901
38954
38955
38957
38960
38966
38975
39029
39030
39045
39055
39068
39074
39075
39083
39085
39092
39098
39100
39103
39121
39130
39143
39155
39156
39166
39177
39178
39183
39185
39191
39192
39221
39225
39231
39240
39247
39249
39261
39266
39271
39293
39315
39320
39329
39340
39360
39364
39366
39371
39374
39380
39388
39410
39433
39441
39457
39459
39470
39472
39475
39482
39483
39508
39547
39603
39612
39619
39623
39630
39634
39641
39642
39644
39648
39662
39669
39671
39675
39683
39686
39729
39737
39738
39740
39741
39755
39786
39788
39791
39800
39811
39812
39830
39847
39853
39865
39879
39890
39891
39915
39948
39963
39980
39986
39991
39995
40006
40010
40025
40035
40070
40102
40106
40115
40124
40133
40141
40158
40187
40192
40193
40196
40200
40201
40214
40220
40239
40241
40250
40259
40261
40262
40264
40268
40277
40284
40302
40307
40321
40342
40376
40377
40425
40452
40453
40456
40457
40464
40475
40476
40484
40498
40506
40512
40514
40520
40528
40561
40566
40571
40583
40591
40599
40613
40621
40624
40633
40644
40645
40660
40661
40662
40664
40665
40668
40669
40676
40678
40685
40709
40720
40723
40729
40735
40738
40743
40757
40773
40794
40798
40808
40821
40838
40846
40847
40854
40859
40863
40869
40877
40885
40893
40899
40902
40910
40912
40920
40922
40924
40925
40928
40931
40935
40941
40948
40949
40950
40952
40959
40974
40999
41004
41024
41025
41036
41038
41046
41112
41113
41120
41124
41126
41127
41138
41139
41141
41145
41154
41155
41156
41160
41162
41163
41167
41172
41174
41175
41178
41181
41182
41193
41194
41195
41196
41202
41207
41215
41230
41239
41308
41330
41338
41350
41352
41361
41367
41378
41379
41380
41383
41385
41389
41394
41397
41403
41413
41418
41441
41447
41465
41472
41482
41486
41488
41493
41497
41517
41544
41562
41632
41636
41641
41646
41663
41669
41689
41697
41703
41714
41720
41722
41739
41740
41743
41747
41755
41760
41766
41781
41793
41794
41796
41800
41803
41850
41863
41864
41874
41885
41886
41888
41892
41897
41899
41917
41927
41930
41940
41941
41962
41972
41979
41980
41993
41998
42024
42057
42064
42079
42088
42091
42099
42100
42107
42108
42117
42136
42137
42138
42146
42156
42158
42167
42170
42174
42187
42193
42194
42198
42201
42205
42206
42209
42212
42228
42229
42234
42242
42250
42258
42262
42265
42267
42269
42271
42273
42281
42282
42283
42329
42339
42394
42397
42401
42404
42409
42417
42419
42423
42438
42443
42445
42458
42494
42507
42511
42512
42514
42523
42529
42532
42539
42561
42607
42631
42638
42639
42641
42642
42643
42653
42663
42664
42678
42706
42710
42711
42724
42734
42747
42760
42770
42771
42776
42802
42811
42817
42835
42839
42851
42889
42894
42899
42928
42930
42953
42958
42972
42978
42979
42980
42981
42984
42993
42994
42997
43014
43030
43065
43068
43078
43080
43083
43085
43086
43087
43094
43110
43112
43124
43125
43128
43133
43143
43149
43150
43156
43157
43160
43163
43166
43168
43170
43173
43190
43192
43194
43208
43210
43214
43223
43236
43239
43242
43244
43251
43268
43275
43277
43282
43312
43315
43323
43325
43335
43345
43348
43356
43357
43363
43371
43384
43387
43390
43391
43402
43422
43450
43467
43485
43487
43488
43496
43499
43505
43511
43518
43534
43535
43543
43551
43565
43601
43608
43612
43617
43620
43622
43668
43672
43673
43674
43677
43678
43685
43694
43724
43726
43729
43735
43741
43743
43755
43773
43783
43790
43804
43808
43872
43874
43878
43883
43884
43900
43909
43934
43937
43947
43961
44003
44005
44021
44022
44028
44053
44054
44074
44100
44107
44122
44123
44127
44131
44144
44186
44188
44197
44203
44209
44213
44214
44215
44219
44236
44250
44252
44259
44277
44283
44286
44314
44321
44323
44331
44360
44366
44374
44381
44400
44407
44409
44423
44446
44452
44454
44472
44532
44543
44576
44577
44593
44602
44616
44617
44639
44641
44656
44678
44686
44699
44711
44719
44733
44752
44763
44774
44780
44789
44795
44811
44812
44829
44845
44896
44898
44923
44938
44946
44953
44964
44967
45005
45009
45011
45012
45016
45018
45022
45033
45037
45038
45039
45042
45043
45048
45051
45074
45075
45077
45094
45095
45115
45128
45163
45164
45165
45171
45175
45176
45198
45282
45289
45315
45337
45340
45341
45352
45367
45372
45383
45384
45401
45414
45416
45423
45428
45435
45502
45542
45553
45556
45557
45562
45570
45583
45612
45617
45619
45620
45624
45632
45639
45644
45663
45666
45676
45679
45681
45688
45692
45714
45716
45724
45726
45730
45738
45744
45798
45830
45845
45847
45852
45857
45863
45864
45869
45873
45874
45876
45888
45893
45895
45901
45902
45903
45912
45924
45926
45932
45965
45971
45972
45988
45989
45991
45997
46011
46060
46065
46078
46086
46106
46134
46135
46139
46140
46145
46148
46150
46152
46162
46198
46204
46209
46220
46244
46246
46248
46260
46261
46264
46273
46276
46282
46296
46301
46343
46346
46348
46358
46370
46377
46378
46418
46419
46432
46441
46451
46471
46479
46536
46541
46561
46640
46642
46643
46669
46679
46684
46710
46713
46720
46722
46747
46749
46768
46769
46771
46791
46810
46835
46840
46847
46858
46860
46867
46874
46877
46885
46889
46900
46901
46902
46903
46905
46916
46919
46927
46928
46932
46939
46946
46948
46949
46965
46973
46974
46975
46979
46981
46987
46991
47001
47007
47017
47021
47022
47039
47042
47046
47051
47054
47055
47056
47057
47067
47070
47072
47075
47078
47085
47088
47092
47098
47104
47111
47123
47148
47155
47158
47172
47202
47204
47206
47216
47222
47223
47226
47229
47233
47237
47248
47253
47259
47264
47276
47277
47283
47290
47296
47300
47302
47308
47321
47324
47325
47327
47328
47329
47333
47336
47341
47342
47353
47362
47370
47396
47411
47421
47440
47462
47477
47482
47493
47496
47498
47521
47522
47532
47543
47554
47562
47588
47590
47625
47627
47628
47642
47650
47676
47680
47681
47692
47703
47707
47708
47713
47717
47718
47730
47732
47764
47791
47793
47805
47822
47823
47824
47867
47871
47873
47880
47888
47889
47912
47926
47932
47934
47935
47985
47992
47994
47997
48001
48007
48030
48035
48042
48049
48052
48057
48058
48067
48071
48072
48092
48116
48119
48121
48122
48126
48135
48138
48146
48190
48197
48206
48209
48217
48224
48253
48255
48269
48273
48315
48332
48362
48366
48367
48370
48384
48385
48386
48388
48391
48398
48399
48401
48403
48412
48419
48431
48432
48434
48444
48506
48513
48523
48524
48536
48541
48547
48558
48561
48563
48569
48579
48588
48589
48592
48602
48625
48682
48695
48701
48762
48774
48786
48810
48813
48825
48847
48875
48893
48896
48913
48918
48930
48933
48951
48958
48965
48966
49012
49063
49073
49074
49078
49082
49087
49092
49107
49108
49110
49112
49118
49125
49127
49135
49141
49142
49161
49162
49173
49175
49183
49195
49197
49206
49214
49225
49231
49233
49235
49278
49280
49283
49284
49293
49301
49304
49324
49326
49354
49356
49369
49376
49380
49384
49387
49388
49389
49392
49411
49412
49417
49421
49424
49438
49449
49466
49588
49591
49598
49654
49657
49670
49673
49684
49685
49686
49729
49743
49749
49758
49819
49821
49824
49834
49842
49858
49859
49861
49879
49893
49900
49901
49942
49943
49944
49946
49950
49955
49960
49964
49976
49981
49988
49992
49993
49996
50017
50037
50065
50081
50089
50112
50113
50180
50204
50207
50220
50226
50254
50322
50325
50331
50362
50411
50413
50419
50429
50462
50463
50467
50479
50498
50507
50560
50567
50590
50593
50598
50599
50606
50607
50608
50634
50642
50668
50671
50690
50709
50714
50756
50777
50778
50785
50815
50827
50842
50874
50878
50900
50911
50921
50968
50976
50993
51007
51019
51039
51049
51072
51077
51081
51083
51089
51093
51106
51146
51150
51167
51186
51191
51196
51198
51201
51213
51220
51230
51235
51276
51298
51340
51370
51376
51378
51380
51382
51383
51390
51399
51402
51408
51422
51424
51427
51431
51433
51436
51440
51442
51446
51447
51454
51456
51457
51461
51484
51491
51518
51521
51522
51530
51535
51558
51587
51593
51601
51602
51615
51631
51695
51698
51701
51711
51718
51721
51722
51724
51748
51753
51769
51772
51781
51785
51786
51791
51794
51801
51802
51803
51817
51820
51837
51840
51841
51843
51845
51848
51849
51852
51871
51882
51885
51943
51985
51987
51993
51999
52016
52030
52049
52052
52060
52061
52062
52066
52098
52103
52107
52131
52157
52199
52207
52209
52212
52228
52233
52246
52248
52251
52256
52260
52286
52289
52306
52335
52336
52341
52354
52357
52371
52372
52375
52390
52398
52408
52411
52413
52414
52418
52419
52420
52460
52468
52471
52484
52490
52498
52499
52506
52510
52514
52529
52533
52539
52558
52561
52572
52580
52605
52647
52663
52673
52678
52680
52688
52712
52722
52727
52730
52733
52734
52737
52749
52750
52753
52808
52814
52868
52875
52876
52878
52880
52890
52908
52910
52916
52921
52922
52923
52942
52949
52950
52990
53012
53013
53020
53029
53032
53037
53042
53046
53052
53053
53071
53085
53087
53152
53164
53165
53166
53168
53172
53175
53176
53178
53179
53183
53185
53200
53221
53226
53251
53255
53258
53292
53299
53304
53323
53348
53358
53368
53376
53382
53384
53389
53427
53433
53466
53470
53471
53475
53488
53492
53494
53495
53507
53510
53513
53525
53531
53533
53539
53540
53542
53544
53545
53561
53568
53569
53571
53580
53585
53591
53593
53613
53621
53637
53685
53704
53719
53743
53773
53778
53794
53799
53800
53842
53853
53854
53865
53902
53916
53933
53934
53953
53962
53964
53987
54039
54095
54112
54154
54162
54173
54174
54176
54178
54182
54190
54200
54207
54233
54238
54239
54245
54255
54265
54269
54272
54283
54288
54292
54304
54312
54313
54314
54317
54319
54325
54326
54328
54332
54338
54340
54347
54362
54375
54426
54431
54439
54440
54447
54485
54489
54498
54510
54519
54548
54552
54569
54571
54576
54583
54616
54625
54626
54627
54628
54637
54638
54641
54656
54677
54683
54702
54709
54712
54717
54720
54725
54726
54729
54730
54735
54757
54772
54785
54851
54855
54886
54910
54913
54920
54927
54935
54938
54969
54971
54985
54993
55002
55029
55035
55043
55056
55072
55081
55084
55148
55156
55164
55165
55174
55184
55198
55201
55222
55254
55283
55284
55314
55315
55373
55384
55423
55438
55441
55444
55462
55469
55525
55537
55548
55554
55559
55561
55585
55586
55589
55608
55617
55646
55666
55667
55672
55674
55678
55681
55687
55688
55694
55702
55703
55723
55738
55739
55740
55743
55748
55750
55759
55763
55788
55793
55794
55850
55859
55862
55901
55903
55906
55911
55919
55925
55968
55970
55996
56001
56012
56025
56083
56086
56088
56096
56102
56109
56120
56134
56138
56139
56154
56158
56205
56227
56246
56250
56276
56280
56311
56313
56318
56320
56326
56348
56354
56367
56372
56397
56425
56432
56474
56487
56489
56494
56502
56503
56509
56513
56518
56524
56528
56552
56553
56564
56578
56579
56586
56593
56596
56616
56625
56638
56645
56665
56675
56684
56685
56700
56706
56730
56734
56767
56778
56780
56786
56797
56844
56845
56848
56854
56855
56868
56870
56872
56876
56882
56888
56889
56948
56951
56958
56961
57017
57018
57023
57031
57035
57041
57042
57045
57049
57053
57075
57081
57099
57100
57129
57134
57135
57161
57174
57176
57180
57182
57184
57186
57189
57193
57195
57200
57213
57219
57221
57222
57226
57231
57238
57244
57246
57248
57261
57300
57315
57317
57322
57330
57332
57333
57348
57357
57364
57367
57372
57374
57378
57379
57382
57384
57389
57390
57391
57395
57396
57398
57400
57415
57438
57448
57450
57495
57496
57508
57511
57514
57522
57524
57525
57526
57531
57537
57541
57545
57553
57564
57566
57577
57579
57603
57647
57657
57660
57665
57667
57672
57683
57693
57718
57728
57731
57733
57749
57794
57805
57810
57857
58040
58075
58079
58083
58085
58098
58099
58104
58110
58118
58121
58124
58125
58126
58129
58136
58154
58156
58157
58159
58160
58163
58166
58169
58176
58178
58203
58234
58243
58249
58250
58258
58261
58262
58268
58275
58285
58288
58295
58301
58308
58319
58326
58330
58335
58344
58347
58367
58374
58379
58403
58419
58422
58427
58450
58475
58486
58488
58493
58521
58522
58524
58525
58528
58530
58531
58534
58535
58540
58541
58542
58548
58549
58560
58563
58589
58590
58617
58623
58645
58651
58663
58691
58692
58693
58707
58711
58712
58715
58717
58722
58724
58726
58747
58751
58759
58775
58783
58789
58793
58800
58804
58807
58827
58833
58836
58857
58884
58888
58910
58911
58916
58918
58921
58922
58926
58931
58933
58937
58942
58957
58962
58968
58972
58990
59023
59030
59055
59060
59061
59068
59069
59085
59116
59120
59133
59161
59203
59239
59240
59241
59265
59284
59396
59400
59401
59402
59412
59420
59421
59500
59547
59551
59555
59559
59569
59605
59617
59624
59625
59633
59641
59691
59726
59740
59783
59852
59855
59881
59891
59922
59923
59945
59969
59980
60021
60027
60029
60048
60049
60059
60064
60073
60076
60101
60106
60108
60110
60121
60130
60134
60140
60143
60153
60154
60155
60161
60168
60192
60204
60216
60221
60254
60258
60259
60262
60264
60268
60270
60276
60309
60311
60312
60341
60353
60367
60462
60463
60464
60474
60488
60505
60518
60520
60528
60534
60537
60572
60582
60586
60598
60604
60605
60615
60626
60629
60653
60654
60666
60668
60716
60718
60724
60730
60734
60736
60738
60740
60743
60744
60746
60748
60749
60751
60760
60762
60766
60767
60770
60772
60783
60789
60790
60797
60822
60837
60847
60863
60873
60885
60907
60912
60936
60937
60950
60991
61019
61036
61041
61049
61067
61073
61082
61088
61103
61106
61109
61124
61125
61127
61158
61287
61310
61319
61366
61370
61375
61380
61403
61409
61417
61427
61432
61444
61463
61464
61472
61478
61503
61504
61505
61509
61518
61528
61550
61554
61559
61561
61607
61612
61619
61632
61642
61643
61645
61649
61650
61653
61654
61659
61661
61662
61664
61665
61666
61672
61673
61675
61679
61684
61687
61689
61695
61701
61707
61725
61733
61759
61782
61842
61865
61937
61939
61942
61944
61951
61954
61971
61972
61974
61983
61986
62001
62009
62012
62022
62025
62033
62047
62050
62091
62111
62114
62115
62117
62119
62122
62129
62131
62146
62154
62159
62178
62182
62185
62186
62207
62242
62243
62245
62250
62256
62258
62290
62299
62303
62315
62321
62326
62341
62344
62354
62356
62361
62365
62383
62385
62398
62439
62440
62446
62455
62464
62472
62476
62511
62524
62532
62562
62583
62592
62628
62639
62651
62654
62655
62659
62664
62670
62675
62697
62698
62705
62709
62736
62737
62743
62794
62839
62841
62847
62858
62868
62871
62877
62889
62895
62898
62903
62904
62909
62923
62928
62930
62941
62950
62960
62963
62976
62977
63005
63019
63050
63096
63127
63135
63140
63141
63143
63144
63146
63160
63164
63167
63177
63178
63179
63184
63186
63199
63202
63207
63208
63211
63230
63281
63299
63301
63341
63347
63386
63390
63404
63405
63417
63421
63422
63426
63438
63440
63453
63456
63460
63467
63473
63483
63488
63550
63567
63568
63588
63590
63612
63619
63627
63628
63658
63727
63731
63745
63750
63801
63851
63854
63857
63869
63878
63921
63932
63943
63950
63964
63972
63977
63981
63995
64030
64050
64073
64080
64085
64109
64111
64112
64119
64121
64123
64125
64126
64128
64141
64151
64166
64175
64186
64193
64199
64207
64216
64219
64223
64229
64239
64243
64252
64254
64277
64291
64293
64297
64305
64384
64391
64422
64426
64442
64453
64458
64464
64469
64478
64479
64485
64486
64489
64495
64496
64503
64504
64505
64521
64534
64542
64555
64567
64568
64570
64584
64586
64594
64598
64607
64642
64651
64669
64679
64698
64708
64716
64741
64796
64798
64804
64836
64839
64847
64852
64855
64860
64862
64914
64922
64926
64930
64931
64939
64961
64966
65040
65049
65053
65060
65068
65072
65082
65087
65097
65098
65100
65110
65119
65122
65140
65146
65161
65165
65191
65219
65221
65224
65225
65226
65231
65265
65279
65280
65304
65333
65358
65379
65380
65381
65386
65391
65432
65477
65484
65486
65489
65491
65499
65503
65505
65522
65524
65528
65530
65541
65551
65616
65663
65706
65710
65714
65716
65731
65738
65740
65754
65772
65775
65783
65789
65793
65805
65812
65814
65815
65816
65819
65822
65823
65827
65841
65873
65881
65885
65898
65908
65914
65917
65923
65925
65926
65934
65945
65946
65948
65969
65978
65987
65994
66005
66006
66016
66017
66019
66024
66027
66031
66039
66042
66046
66059
66090
66094
66109
66127
66152
66169
66178
66227
66236
66243
66244
66253
66255
66262
66269
66272
66280
66311
66378
66398
66399
66466
66470
66477
66483
66522
66587
66590
66618
66636
66662
66667
66683
66690
66695
66698
66747
66748
66750
66751
66776
66785
66797
66812
66844
66851
66856
66857
66862
66863
66866
66867
66913
66915
66926
66956
66959
66961
66962
66964
66971
66982
67013
67020
67021
67058
67061
67063
67067
67106
67124
67153
67162
67167
67170
67177
67188
67189
67193
67197
67199
67208
67210
67231
67236
67241
67250
67286
67292
67294
67308
67314
67318
67320
67334
67338
67339
67349
67353
67357
67367
67379
67381
67388
67426
67436
67444
67448
67449
67458
67502
67508
67509
67517
67521
67529
67595
67601
67602
67607
67612
67615
67619
67626
67637
67638
67643
67648
67654
67666
67677
67711
67713
67731
67732
67733
67737
67738
67758
67764
67767
67771
67779
67791
67800
67801
67802
67803
67804
67817
67824
67877
67885
67890
67903
67924
67926
67927
67937
67980
67983
67986
68002
68024
68027
68028
68034
68040
68047
68062
68065
68075
68081
68093
68095
68096
68141
68144
68164
68190
68214
68248
68334
68359
68362
68365
68381
68418
68429
68488
68498
68499
68507
68579
68612
68616
68634
68635
68636
68656
68657
68703
68726
68729
68752
68754
68776
68779
68810
68831
68850
68854
68855
68856
68901
68911
68916
68940
68983
68990
68991
69013
69111
69127
69129
69135
69184
69222
69237
69255
69280
69286
69289
69294
69302
69303
69321
69326
69331
69333
69344
69345
69347
69350
69354
69355
69358
69365
69388
69394
69396
69402
69406
69409
69415
69422
69423
69429
69438
69440
69441
69442
69445
69448
69455
69480
69494
69534
69555
69558
69583
69589
69595
69602
69608
69634
69639
69643
69659
69661
69669
69698
69729
69741
69749
69758
69777
69792
69840
69879
69891
69892
69895
69896
69917
69929
69930
69936
69941
69942
69944
69951
69952
69960
69967
69977
69992
70011
70014
70019
70035
70041
70042
70047
70057
70062
70094
70095
70104
70118
70119
70122
70135
70142
70143
70154
70161
70162
70166
70178
70208
70217
70222
70224
70233
70336
70345
70352
70365
70410
70411
70413
70421
70423
70424
70427
70451
70466
70474
70488
70507
70537
70634
70644
70647
70648
70669
70672
70674
70698
70699
70703
70710
70712
70730
70787
70792
70877
70879
70888
70906
70925
70930
70932
70933
70939
70943
70944
70945
70947
70953
70956
70958
70961
70967
70968
71023
71034
71044
71130
71133
71138
71143
71144
71145
71147
71167
71172
71178
71184
71188
71193
71195
71196
71222
71232
71252
71270
71275
71281
71295
71298
71307
71313
71377
71410
71413
71417
71431
71437
71450
71454
71500
71524
71527
71534
71542
71578
71587
71588
71589
71604
71615
71618
71622
71624
71627
71633
71635
71638
71645
71650
71651
71659
71662
71674
71683
71686
71689
71698
71700
71716
71718
71732
71734
71738
71740
71750
71771
71772
71775
71780
71783
71793
71796
71799
71805
71806
71811
71812
71814
71815
71816
71823
71832
71833
71834
71845
71847
71849
71852
71857
71861
71866
71867
71880
71889
71890
71893
71895
71940
71952
71967
71971
71977
71982
71993
71997
72000
72010
72025
72031
72061
72074
72076
72087
72093
72094
72095
72096
72098
72107
72114
72125
72130
72144
72182
72237
72250
72260
72266
72269
72291
72294
72298
72303
72313
72315
72320
72325
72329
72333
72345
72349
72394
72431
72487
72490
72538
72542
72543
72545
72547
72552
72558
72574
72575
72584
72587
72588
72594
72597
72611
72629
72640
72723
72726
72760
72767
72770
72775
72788
72789
72818
72826
72857
72861
72863
72865
72870
72874
72897
72901
72916
72926
72956
72969
72974
72977
73002
73004
73015
73018
73045
73050
73054
73055
73069
73075
73080
73100
73109
73143
73144
73154
73159
73180
73184
73195
73199
73202
73205
73250
73257
73258
73259
73261
73263
73268
73272
73276
73278
73281
73302
73304
73307
73308
73322
73325
73333
73335
73343
73346
73359
73365
73380
73393
73398
73407
73413
73440
73447
73460
73461
73468
73511
73512
73514
73516
73527
73535
73563
73564
73572
73592
73594
73600
73603
73608
73626
73653
73654
73660
73666
73668
73680
73683
73685
73689
73694
73703
73723
73736
73754
73798
73801
73842
73883
73903
73906
73916
73917
73921
73932
73936
73939
73942
73949
73958
74027
74031
74039
74072
74077
74078
74093
74098
74101
74106
74204
74226
74228
74229
74236
74262
74270
74271
74279
74305
74306
74309
74317
74325
74336
74363
74364
74374
74376
74379
74380
74393
74406
74409
74413
74417
74424
74436
74447
74456
74463
74474
74482
74484
74486
74487
74491
74503
74512
74524
74577
74592
74602
74614
74669
74673
74674
74719
74722
74725
74732
74760
74766
74769
74772
74783
74800
74811
74835
74874
74901
74924
74934
74937
74965
74970
75013
75060
75061
75072
75077
75078
75092
75093
75098
75117
75124
75128
75133
75144
75201
75210
75220
75225
75227
75245
75249
75251
75253
75254
75261
75271
75279
75305
75309
75314
75327
75334
75369
75374
75375
75377
75380
75384
75388
75407
75418
75422
75440
75448
75476
75490
75505
75513
75517
75521
75525
75530
75535
75536
75540
75543
75568
75569
75573
75584
75621
75625
75630
75654
75661
75673
75679
75682
75684
75695
75718
75720
75734
75744
75757
75759
75760
75761
75768
75769
75774
75780
75783
75785
75786
75789
75792
75797
75822
75823
75837
75847
75857
75865
75868
75873
75877
75878
75916
75917
75975
75976
75994
76007
76023
76025
76026
76029
76035
76036
76042
76045
76048
76088
76106
76112
76134
76146
76149
76154
76157
76159
76167
76207
76336
76778
77927
79917
80125
80433
