1
20
1380
1897
1907
2419
2924
3030
3533
3661
3675
3866
4298
4415
4848
6201
10022
10195
10273
10419
10487
14303
14338
14806
14841
16305
17561
18598
20402
21464
21923
21935
22089
22771
23106
24026
27584
28693
28713
28745
28760
28882
29077
30697
31500
31976
32167
32441
32462
32521
33442
34119
37091
38136
39305
40216
40403
42495
42521
42820
44020
44513
45510
45551
46865
48000
48031
48557
49335
49377
49382
49393
49403
51854
52653
54902
55670
60136
61535
63684
65050
65370
70157
70746
74297
74357
75502
